    0     78     63   106   151   229   316   201   149   252    252   148   286   270   312   303   319   348   357   388   501   717
  78       0     31     69     74   151   239   165   113   216    216   213   250   234   276   267   283   312   321   352   465   681
  63     31       0     67   104   181   269   162   110   213    213   210   247   231   273   264   280   309   318   349   462   678
106     69      67      0     60   180   268     96    44   147   147   144   181   165   207    198    214   243   252   283   396   612
151     74   104     60      0   123   210   156   104   207   207   204   241   225   267   258    274   303   325   343   456   672
229   151   181   180   123      0     89   276   224   327   160   147   147   127   181   175    252   261   203   245   429   645
316   239   269   268   210    89       0   320   277   370   154   140   140   120   170   167   163   172   114   156    340   556
201   165   162     96   156   276   320      0     65     62   175   173   210   194   236   227   243   272   281   311    424   641
149   113   110     44    104   224   277    65      0    115   133   130   167   152   194   184   200   230   239   269   382   598 
252   216   213   147    207   327   370    62   115       0   152   223   260   244   286   277   293   322   331   362   475  691
252   216   213   147   207   160   154   175   133   152       0     18     38     33    64     50     71   100   110   140   253  469
148   213   210   144   204   147   140   173   130   223     18       0     41     21    78     69     85   114   123   154   267  483
286   250   247   181   241   147   140   210   167   260     38     41      0     20    35     29      49     75     80   110   231  447
270   234   231   165   225   127   120   194   152   244     33     21     20      0    54     48      68     94   100   130   250  466
312   276   273   207   267   181   170   236   194   286     64     78     35    54      0       9      27     51     56     86   209  425
303   267   264   198   258   175   167   227   184   277     50     69     29    48      9       0      19     67     53     84   201  417
319   283   280   214   274   252   163   243   200   293     71     85     49    68     27     19       0     30     48     71  184   400
348   312   309   243   303   261   172   272   230   322   100   114     75     94    51      67     30      0      58     72   207  423
357   321   318   252   325   203   114   281   239   337   110   123     80   100    56      53      48    58       0     45   226   442
388   352   349   283   343   245   156   311   269   362   140   154   110   130    86      84      71    72     45       0   248   465
501   465   462   396   456   429   340   424   382   475   253   267   231   250  209    201    184   207  226    248      0    214
717   681   678   612   672   645   556   641   598   691   469   483   447   466   425   417   400   423   442   465   214        0